231 47 39
238 113 25
255 200 8
170 198 27
19 166 50
4 148 87
1 134 141
3 86 155
46 20 141
204 63 92
244 244 244
207 46 49
226 132 45
227 189 28
162 179 36
18 154 47
6 134 84
3 130 122
6 113 148
92 104 163
175 92 87
236 236 236
231 108 86
241 176 102
255 228 15
169 199 35
88 171 45
43 151 89
0 147 159
59 130 157
178 137 166
209 100 109
206 206 206
233 163 144
242 178 103
255 236 79
219 220 93
155 196 113
146 198 131
126 188 209
147 184 213
197 188 213
218 176 176
180 180 180
236 217 202
245 223 181
249 239 189
228 235 191
221 232 207
209 234 211
194 222 242
203 215 232
224 218 230
235 219 224
152 152 152
213 182 166
218 196 148
233 227 143
209 116 73
179 202 157
166 201 163
127 175 166
165 184 100
184 190 189
206 185 179
126 126 136
211 142 110
215 145 96
255 203 88
195 202 101
141 188 90
140 195 110
117 173 169
138 166 187
170 165 199
205 154 149
86 86 86
171 131 115
158 128 110
148 133 105
144 135 96
143 162 121
122 165 123
130 154 145
131 154 153
151 150 139
160 147 131
60 60 60
162 88 61
167 100 67
139 117 5
109 116 73
88 126 61
39 122 62
24 89 63
53 109 98
44 77 143
115 171 79
38 38 38
172 36 48
169 87 49
156 137 37
91 132 47
20 114 48
23 106 43
20 88 60
8 87 107
58 55 119
111 61 56
10 10 10
116 47 50
115 63 44
103 91 44
54 88 48
30 98 50
27 86 49
18 83 65
16 76 84
40 57 103
88 60 50
79 46 43
85 55 43
75 63 45
44 60 49
34 62 51
31 56 45
29 60 47
25 62 63
34 54 68
53 52 48
